1	1	1
1	3	1
1	5	1
1	7	1
1	9	1
1	11	1
1	13	1
1	15	1
1	17	1
1	19	1
1	21	1
1	23	1
1	25	1
1	27	1
1	29	1
1	31	1
1	33	1
1	35	1
1	37	1
1	39	1
1	41	1
1	43	1
1	45	1
1	47	1
1	49	1
1	51	1
2	2	1
2	4	1
2	6	1
2	8	1
2	10	1
2	12	1
2	14	1
2	16	1
2	18	1
2	20	1
2	22	1
2	24	1
2	26	1
2	28	1
2	30	1
2	32	1
2	34	1
2	36	1
2	38	1
2	40	1
2	42	1
2	44	1
2	46	1
2	48	1
2	50	1
3	1	1
3	3	1
3	5	1
3	7	1
3	9	1
3	11	1
3	13	1
3	15	1
3	17	1
3	19	1
3	21	1
3	23	1
3	25	1
3	27	1
3	29	1
3	31	1
3	33	1
3	35	1
3	37	1
3	39	1
3	41	1
3	43	1
3	45	1
3	47	1
3	49	1
3	51	1
4	2	1
4	4	1
4	6	1
4	8	1
4	10	1
4	12	1
4	14	1
4	16	1
4	18	1
4	20	1
4	22	1
4	24	1
4	26	1
4	28	1
4	30	1
4	32	1
4	34	1
4	36	1
4	38	1
4	40	1
4	42	1
4	44	1
4	46	1
4	48	1
4	50	1
5	1	1
5	3	1
5	5	1
5	7	1
5	9	1
5	11	1
5	13	1
5	15	1
5	17	1
5	19	1
5	21	1
5	23	1
5	25	1
5	27	1
5	29	1
5	31	1
5	33	1
5	35	1
5	37	1
5	39	1
5	41	1
5	43	1
5	45	1
5	47	1
5	49	1
5	51	1
6	2	1
6	4	1
6	6	1
6	8	1
6	10	1
6	12	1
6	14	1
6	16	1
6	18	1
6	20	1
6	22	1
6	24	1
6	26	1
6	28	1
6	30	1
6	32	1
6	34	1
6	36	1
6	38	1
6	40	1
6	42	1
6	44	1
6	46	1
6	48	1
6	50	1
7	1	1
7	3	1
7	5	1
7	7	1
7	9	1
7	11	1
7	13	1
7	15	1
7	17	1
7	19	1
7	21	1
7	23	1
7	25	1
7	27	1
7	29	1
7	31	1
7	33	1
7	35	1
7	37	1
7	39	1
7	41	1
7	43	1
7	45	1
7	47	1
7	49	1
7	51	1
8	2	1
8	4	1
8	6	1
8	8	1
8	10	1
8	12	1
8	14	1
8	16	1
8	18	1
8	20	1
8	22	1
8	24	1
8	26	1
8	28	1
8	30	1
8	32	1
8	34	1
8	36	1
8	38	1
8	40	1
8	42	1
8	44	1
8	46	1
8	48	1
8	50	1
9	1	1
9	3	1
9	5	1
9	7	1
9	9	1
9	11	1
9	13	1
9	15	1
9	17	1
9	19	1
9	21	1
9	23	1
9	25	1
9	27	1
9	29	1
9	31	1
9	33	1
9	35	1
9	37	1
9	39	1
9	41	1
9	43	1
9	45	1
9	47	1
9	49	1
9	51	1
10	2	1
10	4	1
10	6	1
10	8	1
10	10	1
10	12	1
10	14	1
10	16	1
10	18	1
10	20	1
10	22	1
10	24	1
10	26	1
10	28	1
10	30	1
10	32	1
10	34	1
10	36	1
10	38	1
10	40	1
10	42	1
10	44	1
10	46	1
10	48	1
10	50	1
11	1	1
11	3	1
11	5	1
11	7	1
11	9	1
11	11	1
11	13	1
11	15	1
11	17	1
11	19	1
11	21	1
11	23	1
11	25	1
11	27	1
11	29	1
11	31	1
11	33	1
11	35	1
11	37	1
11	39	1
11	41	1
11	43	1
11	45	1
11	47	1
11	49	1
11	51	1
12	2	1
12	4	1
12	6	1
12	8	1
12	10	1
12	12	1
12	14	1
12	16	1
12	18	1
12	20	1
12	22	1
12	24	1
12	26	1
12	28	1
12	30	1
12	32	1
12	34	1
12	36	1
12	38	1
12	40	1
12	42	1
12	44	1
12	46	1
12	48	1
12	50	1
13	1	1
13	3	1
13	5	1
13	7	1
13	9	1
13	11	1
13	13	1
13	15	1
13	17	1
13	19	1
13	21	1
13	23	1
13	25	1
13	27	1
13	29	1
13	31	1
13	33	1
13	35	1
13	37	1
13	39	1
13	41	1
13	43	1
13	45	1
13	47	1
13	49	1
13	51	1
14	2	1
14	4	1
14	6	1
14	8	1
14	10	1
14	12	1
14	14	1
14	16	1
14	18	1
14	20	1
14	22	1
14	24	1
14	26	1
14	28	1
14	30	1
14	32	1
14	34	1
14	36	1
14	38	1
14	40	1
14	42	1
14	44	1
14	46	1
14	48	1
14	50	1
15	1	1
15	3	1
15	5	1
15	7	1
15	9	1
15	11	1
15	13	1
15	15	1
15	17	1
15	19	1
15	21	1
15	23	1
15	25	1
15	27	1
15	29	1
15	31	1
15	33	1
15	35	1
15	37	1
15	39	1
15	41	1
15	43	1
15	45	1
15	47	1
15	49	1
15	51	1
16	2	1
16	4	1
16	6	1
16	8	1
16	10	1
16	12	1
16	14	1
16	16	1
16	18	1
16	20	1
16	22	1
16	24	1
16	26	1
16	28	1
16	30	1
16	32	1
16	34	1
16	36	1
16	38	1
16	40	1
16	42	1
16	44	1
16	46	1
16	48	1
16	50	1
17	1	1
17	3	1
17	5	1
17	7	1
17	9	1
17	11	1
17	13	1
17	15	1
17	17	1
17	19	1
17	21	1
17	23	1
17	25	1
17	27	1
17	29	1
17	31	1
17	33	1
17	35	1
17	37	1
17	39	1
17	41	1
17	43	1
17	45	1
17	47	1
17	49	1
17	51	1
18	2	1
18	4	1
18	6	1
18	8	1
18	10	1
18	12	1
18	14	1
18	16	1
18	18	1
18	20	1
18	22	1
18	24	1
18	26	1
18	28	1
18	30	1
18	32	1
18	34	1
18	36	1
18	38	1
18	40	1
18	42	1
18	44	1
18	46	1
18	48	1
18	50	1
19	1	1
19	3	1
19	5	1
19	7	1
19	9	1
19	11	1
19	13	1
19	15	1
19	17	1
19	19	1
19	21	1
19	23	1
19	25	1
19	27	1
19	29	1
19	31	1
19	33	1
19	35	1
19	37	1
19	39	1
19	41	1
19	43	1
19	45	1
19	47	1
19	49	1
19	51	1
20	2	1
20	4	1
20	6	1
20	8	1
20	10	1
20	12	1
20	14	1
20	16	1
20	18	1
20	20	1
20	22	1
20	24	1
20	26	1
20	28	1
20	30	1
20	32	1
20	34	1
20	36	1
20	38	1
20	40	1
20	42	1
20	44	1
20	46	1
20	48	1
20	50	1
21	1	1
21	3	1
21	5	1
21	7	1
21	9	1
21	11	1
21	13	1
21	15	1
21	17	1
21	19	1
21	21	1
21	23	1
21	25	1
21	27	1
21	29	1
21	31	1
21	33	1
21	35	1
21	37	1
21	39	1
21	41	1
21	43	1
21	45	1
21	47	1
21	49	1
21	51	1
22	2	1
22	4	1
22	6	1
22	8	1
22	10	1
22	12	1
22	14	1
22	16	1
22	18	1
22	20	1
22	22	1
22	24	1
22	26	1
22	28	1
22	30	1
22	32	1
22	34	1
22	36	1
22	38	1
22	40	1
22	42	1
22	44	1
22	46	1
22	48	1
22	50	1
23	1	1
23	3	1
23	5	1
23	7	1
23	9	1
23	11	1
23	13	1
23	15	1
23	17	1
23	19	1
23	21	1
23	23	1
23	25	1
23	27	1
23	29	1
23	31	1
23	33	1
23	35	1
23	37	1
23	39	1
23	41	1
23	43	1
23	45	1
23	47	1
23	49	1
23	51	1
24	2	1
24	4	1
24	6	1
24	8	1
24	10	1
24	12	1
24	14	1
24	16	1
24	18	1
24	20	1
24	22	1
24	24	1
24	26	1
24	28	1
24	30	1
24	32	1
24	34	1
24	36	1
24	38	1
24	40	1
24	42	1
24	44	1
24	46	1
24	48	1
24	50	1
25	1	1
25	3	1
25	5	1
25	7	1
25	9	1
25	11	1
25	13	1
25	15	1
25	17	1
25	19	1
25	21	1
25	23	1
25	25	1
25	27	1
25	29	1
25	31	1
25	33	1
25	35	1
25	37	1
25	39	1
25	41	1
25	43	1
25	45	1
25	47	1
25	49	1
25	51	1
26	2	1
26	4	1
26	6	1
26	8	1
26	10	1
26	12	1
26	14	1
26	16	1
26	18	1
26	20	1
26	22	1
26	24	1
26	26	1
26	28	1
26	30	1
26	32	1
26	34	1
26	36	1
26	38	1
26	40	1
26	42	1
26	44	1
26	46	1
26	48	1
26	50	1
27	1	1
27	3	1
27	5	1
27	7	1
27	9	1
27	11	1
27	13	1
27	15	1
27	17	1
27	19	1
27	21	1
27	23	1
27	25	1
27	27	1
27	29	1
27	31	1
27	33	1
27	35	1
27	37	1
27	39	1
27	41	1
27	43	1
27	45	1
27	47	1
27	49	1
27	51	1
28	2	1
28	4	1
28	6	1
28	8	1
28	10	1
28	12	1
28	14	1
28	16	1
28	18	1
28	20	1
28	22	1
28	24	1
28	26	1
28	28	1
28	30	1
28	32	1
28	34	1
28	36	1
28	38	1
28	40	1
28	42	1
28	44	1
28	46	1
28	48	1
28	50	1
29	1	1
29	3	1
29	5	1
29	7	1
29	9	1
29	11	1
29	13	1
29	15	1
29	17	1
29	19	1
29	21	1
29	23	1
29	25	1
29	27	1
29	29	1
29	31	1
29	33	1
29	35	1
29	37	1
29	39	1
29	41	1
29	43	1
29	45	1
29	47	1
29	49	1
29	51	1
30	2	1
30	4	1
30	6	1
30	8	1
30	10	1
30	12	1
30	14	1
30	16	1
30	18	1
30	20	1
30	22	1
30	24	1
30	26	1
30	28	1
30	30	1
30	32	1
30	34	1
30	36	1
30	38	1
30	40	1
30	42	1
30	44	1
30	46	1
30	48	1
30	50	1
31	1	1
31	3	1
31	5	1
31	7	1
31	9	1
31	11	1
31	13	1
31	15	1
31	17	1
31	19	1
31	21	1
31	23	1
31	25	1
31	27	1
31	29	1
31	31	1
31	33	1
31	35	1
31	37	1
31	39	1
31	41	1
31	43	1
31	45	1
31	47	1
31	49	1
31	51	1
32	2	1
32	4	1
32	6	1
32	8	1
32	10	1
32	12	1
32	14	1
32	16	1
32	18	1
32	20	1
32	22	1
32	24	1
32	26	1
32	28	1
32	30	1
32	32	1
32	34	1
32	36	1
32	38	1
32	40	1
32	42	1
32	44	1
32	46	1
32	48	1
32	50	1
33	1	1
33	3	1
33	5	1
33	7	1
33	9	1
33	11	1
33	13	1
33	15	1
33	17	1
33	19	1
33	21	1
33	23	1
33	25	1
33	27	1
33	29	1
33	31	1
33	33	1
33	35	1
33	37	1
33	39	1
33	41	1
33	43	1
33	45	1
33	47	1
33	49	1
33	51	1
34	2	1
34	4	1
34	6	1
34	8	1
34	10	1
34	12	1
34	14	1
34	16	1
34	18	1
34	20	1
34	22	1
34	24	1
34	26	1
34	28	1
34	30	1
34	32	1
34	34	1
34	36	1
34	38	1
34	40	1
34	42	1
34	44	1
34	46	1
34	48	1
34	50	1
35	1	1
35	3	1
35	5	1
35	7	1
35	9	1
35	11	1
35	13	1
35	15	1
35	17	1
35	19	1
35	21	1
35	23	1
35	25	1
35	27	1
35	29	1
35	31	1
35	33	1
35	35	1
35	37	1
35	39	1
35	41	1
35	43	1
35	45	1
35	47	1
35	49	1
35	51	1
36	2	1
36	4	1
36	6	1
36	8	1
36	10	1
36	12	1
36	14	1
36	16	1
36	18	1
36	20	1
36	22	1
36	24	1
36	26	1
36	28	1
36	30	1
36	32	1
36	34	1
36	36	1
36	38	1
36	40	1
36	42	1
36	44	1
36	46	1
36	48	1
36	50	1
37	1	1
37	3	1
37	5	1
37	7	1
37	9	1
37	11	1
37	13	1
37	15	1
37	17	1
37	19	1
37	21	1
37	23	1
37	25	1
37	27	1
37	29	1
37	31	1
37	33	1
37	35	1
37	37	1
37	39	1
37	41	1
37	43	1
37	45	1
37	47	1
37	49	1
37	51	1
38	2	1
38	4	1
38	6	1
38	8	1
38	10	1
38	12	1
38	14	1
38	16	1
38	18	1
38	20	1
38	22	1
38	24	1
38	26	1
38	28	1
38	30	1
38	32	1
38	34	1
38	36	1
38	38	1
38	40	1
38	42	1
38	44	1
38	46	1
38	48	1
38	50	1
39	1	1
39	3	1
39	5	1
39	7	1
39	9	1
39	11	1
39	13	1
39	15	1
39	17	1
39	19	1
39	21	1
39	23	1
39	25	1
39	27	1
39	29	1
39	31	1
39	33	1
39	35	1
39	37	1
39	39	1
39	41	1
39	43	1
39	45	1
39	47	1
39	49	1
39	51	1
40	2	1
40	4	1
40	6	1
40	8	1
40	10	1
40	12	1
40	14	1
40	16	1
40	18	1
40	20	1
40	22	1
40	24	1
40	26	1
40	28	1
40	30	1
40	32	1
40	34	1
40	36	1
40	38	1
40	40	1
40	42	1
40	44	1
40	46	1
40	48	1
40	50	1
41	1	1
41	3	1
41	5	1
41	7	1
41	9	1
41	11	1
41	13	1
41	15	1
41	17	1
41	19	1
41	21	1
41	23	1
41	25	1
41	27	1
41	29	1
41	31	1
41	33	1
41	35	1
41	37	1
41	39	1
41	41	1
41	43	1
41	45	1
41	47	1
41	49	1
41	51	1
42	2	1
42	4	1
42	6	1
42	8	1
42	10	1
42	12	1
42	14	1
42	16	1
42	18	1
42	20	1
42	22	1
42	24	1
42	26	1
42	28	1
42	30	1
42	32	1
42	34	1
42	36	1
42	38	1
42	40	1
42	42	1
42	44	1
42	46	1
42	48	1
42	50	1
43	1	1
43	3	1
43	5	1
43	7	1
43	9	1
43	11	1
43	13	1
43	15	1
43	17	1
43	19	1
43	21	1
43	23	1
43	25	1
43	27	1
43	29	1
43	31	1
43	33	1
43	35	1
43	37	1
43	39	1
43	41	1
43	43	1
43	45	1
43	47	1
43	49	1
43	51	1
44	2	1
44	4	1
44	6	1
44	8	1
44	10	1
44	12	1
44	14	1
44	16	1
44	18	1
44	20	1
44	22	1
44	24	1
44	26	1
44	28	1
44	30	1
44	32	1
44	34	1
44	36	1
44	38	1
44	40	1
44	42	1
44	44	1
44	46	1
44	48	1
44	50	1
45	1	1
45	3	1
45	5	1
45	7	1
45	9	1
45	11	1
45	13	1
45	15	1
45	17	1
45	19	1
45	21	1
45	23	1
45	25	1
45	27	1
45	29	1
45	31	1
45	33	1
45	35	1
45	37	1
45	39	1
45	41	1
45	43	1
45	45	1
45	47	1
45	49	1
45	51	1
46	2	1
46	4	1
46	6	1
46	8	1
46	10	1
46	12	1
46	14	1
46	16	1
46	18	1
46	20	1
46	22	1
46	24	1
46	26	1
46	28	1
46	30	1
46	32	1
46	34	1
46	36	1
46	38	1
46	40	1
46	42	1
46	44	1
46	46	1
46	48	1
46	50	1
47	1	1
47	3	1
47	5	1
47	7	1
47	9	1
47	11	1
47	13	1
47	15	1
47	17	1
47	19	1
47	21	1
47	23	1
47	25	1
47	27	1
47	29	1
47	31	1
47	33	1
47	35	1
47	37	1
47	39	1
47	41	1
47	43	1
47	45	1
47	47	1
47	49	1
47	51	1
48	2	1
48	4	1
48	6	1
48	8	1
48	10	1
48	12	1
48	14	1
48	16	1
48	18	1
48	20	1
48	22	1
48	24	1
48	26	1
48	28	1
48	30	1
48	32	1
48	34	1
48	36	1
48	38	1
48	40	1
48	42	1
48	44	1
48	46	1
48	48	1
48	50	1
49	1	1
49	3	1
49	5	1
49	7	1
49	9	1
49	11	1
49	13	1
49	15	1
49	17	1
49	19	1
49	21	1
49	23	1
49	25	1
49	27	1
49	29	1
49	31	1
49	33	1
49	35	1
49	37	1
49	39	1
49	41	1
49	43	1
49	45	1
49	47	1
49	49	1
49	51	1
50	2	1
50	4	1
50	6	1
50	8	1
50	10	1
50	12	1
50	14	1
50	16	1
50	18	1
50	20	1
50	22	1
50	24	1
50	26	1
50	28	1
50	30	1
50	32	1
50	34	1
50	36	1
50	38	1
50	40	1
50	42	1
50	44	1
50	46	1
50	48	1
50	50	1
51      1       1
51      3       1
51      5       1
51      7       1
51      9       1
51      11      1
51      13      1
51      15      1
51      17      1
51      19      1
51      21      1
51      23      1
51      25      1
51      27      1
51      29      1
51      31      1
51      33      1
51      35      1
51      37      1
51      39      1
51      41      1
51      43      1
51      45      1
51      47      1
51      49      1
51      51      1
